req_id, LB_arrival, server_arrival, allocated_server, process_time, finish
0, 0, 0, 0, 1, 1
1, 0, 0, 0, 1, 1
2, 0, 0, 1, 1, 1
3, 0, 0, 1, 1, 1
4, 0, 0, 2, 1, 1
5, 0, 1, 1, 1, 2
6, 0, 1, 0, 1, 2
7, 0, 2, 0, 2, 4
8, 0, 4, 0, 1, 5
9, 0, 1, 0, 2, 3
10, 0, 1, 0, 1, 2
11, 0, 1, 2, 2, 3
12, 0, 2, 1, 1, 3
13, 0, 1, 0, 1, 2
14, 0, 5, 0, 1, 6
15, 0, 0, 1, 18, 18
16, 0, 1, 0, 1, 2
17, 0, 3, 2, 143, 146
18, 0, 1, 0, 136, 137
19, 0, 1, 0, 137, 138
20, 0, 3, 1, 143, 146
21, 0, 1, 0, 137, 138
22, 0, 138, 0, 143, 281
23, 0, 3, 2, 143, 146
24, 0, 146, 1, 143, 289
25, 0, 281, 0, 1, 282
26, 0, 1, 0, 1, 2
27, 0, 1, 0, 16, 17
28, 0, 282, 0, 2, 284
29, 1, 284, 0, 1, 285
30, 1, 285, 0, 1, 286
31, 1, 286, 0, 1, 287
32, 1, 1, 0, 1, 2
33, 1, 1, 0, 1, 2
34, 1, 287, 0, 1, 288
35, 1, 288, 0, 26, 314
36, 1, 314, 0, 142, 456
37, 1, 146, 2, 84, 230
38, 1, 289, 1, 1, 290
39, 1, 290, 1, 1, 291
40, 1, 456, 0, 142, 598
41, 2, 291, 1, 14, 305
42, 2, 598, 0, 19, 617
43, 2, 2, 0, 13, 15
44, 2, 2, 0, 16, 18
45, 2, 2, 0, 11, 13
46, 2, 305, 1, 18, 323
47, 2, 323, 1, 14, 337
48, 2, 2, 0, 12, 14
49, 2, 337, 1, 11, 348
50, 2, 348, 1, 15, 363
51, 2, 363, 1, 13, 376
52, 2, 376, 1, 17, 393
53, 2, 2, 0, 13, 15
54, 2, 393, 1, 14, 407
55, 2, 617, 0, 14, 631
56, 2, 631, 0, 18, 649
57, 2, 649, 0, 12, 661
58, 2, 661, 0, 12, 673
59, 2, 407, 1, 17, 424
60, 2, 673, 0, 19, 692
61, 2, 692, 0, 13, 705
62, 2, 705, 0, 19, 724
63, 2, 424, 1, 10, 434
64, 2, 434, 1, 17, 451
65, 2, 2, 0, 19, 21
66, 2, 2, 0, 13, 15
67, 2, 451, 1, 12, 463
68, 2, 724, 0, 16, 740
69, 2, 740, 0, 17, 757
70, 2, 757, 0, 15, 772
71, 2, 772, 0, 16, 788
72, 2, 463, 1, 12, 475
73, 2, 788, 0, 141, 929
74, 2, 2, 0, 19, 21
75, 2, 929, 0, 15, 944
76, 2, 2, 0, 25, 27
77, 2, 944, 0, 25, 969
78, 2, 969, 0, 17, 986
79, 2, 2, 0, 122, 124
80, 2, 475, 1, 141, 616
81, 2, 986, 0, 19, 1005
82, 2, 1005, 0, 4, 1009
83, 2, 1009, 0, 1, 1010
84, 2, 1010, 0, 1, 1011
85, 2, 2, 0, 1, 3
86, 2, 1011, 0, 18, 1029
87, 2, 2, 0, 18, 20
88, 2, 1029, 0, 17, 1046
89, 2, 1046, 0, 1, 1047
90, 2, 1047, 0, 18, 1065
91, 2, 1065, 0, 19, 1084
92, 2, 1084, 0, 18, 1102
93, 2, 1102, 0, 15, 1117
94, 2, 1117, 0, 14, 1131
95, 2, 2, 0, 16, 18
96, 2, 2, 0, 18, 20
97, 2, 1131, 0, 11, 1142
98, 2, 1142, 0, 15, 1157
99, 2, 2, 0, 19, 21
100, 2, 1157, 0, 13, 1170
101, 2, 1170, 0, 16, 1186
102, 2, 1186, 0, 18, 1204
103, 2, 1204, 0, 13, 1217
104, 2, 2, 0, 19, 21
105, 3, 1217, 0, 17, 1234
106, 3, 230, 2, 32, 262
107, 3, 1234, 0, 18, 1252
108, 3, 1252, 0, 1, 1253
109, 3, 3, 0, 16, 19
110, 3, 1253, 0, 12, 1265
111, 3, 3, 0, 1, 4
112, 3, 3, 0, 11, 14
113, 3, 3, 0, 17, 20
114, 3, 1265, 0, 18, 1283
115, 3, 3, 0, 12, 15
116, 3, 1283, 0, 1, 1284
117, 3, 1284, 0, 1, 1285
118, 3, 1285, 0, 17, 1302
119, 3, 1302, 0, 18, 1320
120, 3, 3, 0, 18, 21
121, 3, 3, 0, 18, 21
122, 3, 1320, 0, 14, 1334
123, 3, 1334, 0, 19, 1353
124, 3, 3, 0, 2, 5
125, 3, 1353, 0, 13, 1366
126, 3, 3, 0, 1, 4
127, 3, 1366, 0, 13, 1379
128, 3, 1379, 0, 12, 1391
129, 3, 1391, 0, 15, 1406
130, 3, 1406, 0, 1, 1407
131, 3, 1407, 0, 13, 1420
132, 3, 3, 0, 1, 4
133, 3, 1420, 0, 12, 1432
134, 3, 1432, 0, 13, 1445
135, 3, 1445, 0, 16, 1461
136, 3, 1461, 0, 13, 1474
137, 3, 3, 0, 18, 21
138, 3, 1474, 0, 1, 1475
139, 3, 1475, 0, 4, 1479
140, 3, 3, 0, 1, 4
141, 3, 1479, 0, 14, 1493
142, 3, 1493, 0, 1, 1494
143, 3, 1494, 0, 2, 1496
144, 3, 1496, 0, 13, 1509
145, 3, 3, 0, 22, 25
146, 3, 1509, 0, 14, 1523
147, 3, 1523, 0, 13, 1536
148, 3, 1536, 0, 31, 1567
149, 3, 1567, 0, 17, 1584
150, 3, 1584, 0, 11, 1595
151, 3, 3, 0, 26, 29
152, 3, 1595, 0, 140, 1735
153, 3, 1735, 0, 140, 1875
154, 3, 1875, 0, 27, 1902
155, 3, 1902, 0, 140, 2042
156, 3, 2042, 0, 140, 2182
157, 3, 3, 0, 117, 120
158, 3, 2182, 0, 14, 2196
159, 3, 2196, 0, 1, 2197
160, 3, 2197, 0, 14, 2211
161, 3, 3, 0, 19, 22
162, 3, 2211, 0, 18, 2229
163, 3, 2229, 0, 17, 2246
164, 3, 2246, 0, 1, 2247
165, 3, 2247, 0, 13, 2260
166, 3, 2260, 0, 18, 2278
167, 3, 2278, 0, 20, 2298
168, 3, 2298, 0, 13, 2311
169, 3, 3, 0, 17, 20
170, 3, 3, 0, 18, 21
171, 3, 2311, 0, 18, 2329
172, 3, 3, 0, 13, 16
173, 3, 2329, 0, 18, 2347
174, 3, 2347, 0, 13, 2360
175, 3, 2360, 0, 16, 2376
176, 3, 2376, 0, 18, 2394
177, 3, 2394, 0, 17, 2411
178, 4, 2411, 0, 16, 2427
179, 4, 4, 0, 1, 5
180, 4, 4, 0, 1, 5
181, 4, 2427, 0, 15, 2442
182, 4, 2442, 0, 13, 2455
183, 4, 2455, 0, 1, 2456
184, 4, 4, 0, 1, 5
185, 4, 2456, 0, 19, 2475
186, 4, 4, 0, 1, 5
187, 4, 2475, 0, 1, 2476
188, 4, 2476, 0, 2, 2478
189, 4, 2478, 0, 17, 2495
190, 4, 4, 0, 1, 5
191, 4, 4, 0, 17, 21
192, 4, 2495, 0, 1, 2496
193, 4, 4, 0, 1, 5
194, 4, 2496, 0, 19, 2515
195, 4, 2515, 0, 1, 2516
196, 4, 2516, 0, 1, 2517
197, 4, 2517, 0, 1, 2518
198, 4, 2518, 0, 16, 2534
199, 4, 4, 0, 139, 143
200, 4, 262, 2, 139, 401
201, 4, 2534, 0, 25, 2559
202, 4, 2559, 0, 1, 2560
203, 4, 2560, 0, 139, 2699
204, 4, 2699, 0, 139, 2838
205, 4, 2838, 0, 61, 2899
206, 4, 2899, 0, 139, 3038
207, 4, 3038, 0, 139, 3177
208, 4, 4, 0, 139, 143
209, 4, 3177, 0, 139, 3316
210, 4, 3316, 0, 52, 3368
211, 4, 3368, 0, 23, 3391
212, 4, 4, 0, 1, 5
213, 4, 3391, 0, 1, 3392
214, 4, 3392, 0, 1, 3393
215, 4, 3393, 0, 1, 3394
216, 4, 3394, 0, 139, 3533
217, 5, 401, 2, 1, 402
218, 5, 5, 0, 1, 6
219, 5, 616, 1, 1, 617
220, 5, 3533, 0, 1, 3534
221, 5, 3534, 0, 1, 3535
222, 5, 3535, 0, 1, 3536
223, 5, 3536, 0, 1, 3537
224, 5, 3537, 0, 1, 3538
225, 5, 3538, 0, 1, 3539
226, 5, 5, 0, 1, 6
227, 5, 5, 0, 1, 6
228, 5, 5, 0, 1, 6
229, 5, 3539, 0, 1, 3540
230, 5, 3540, 0, 3, 3543
231, 5, 3543, 0, 25, 3568
232, 5, 3568, 0, 138, 3706
233, 5, 402, 2, 9, 411
234, 5, 5, 0, 17, 22
235, 5, 411, 2, 138, 549
236, 5, 549, 2, 1, 550
237, 6, 550, 2, 2, 552
238, 6, 552, 2, 1, 553
239, 6, 553, 2, 2, 555
240, 6, 555, 2, 2, 557
241, 6, 557, 2, 1, 558
242, 6, 558, 2, 1, 559
243, 6, 559, 2, 1, 560
244, 6, 560, 2, 18, 578
245, 6, 578, 2, 1, 579
246, 6, 579, 2, 19, 598
247, 6, 598, 2, 19, 617
248, 6, 617, 2, 19, 636
249, 6, 636, 2, 18, 654
250, 6, 654, 2, 19, 673
251, 6, 673, 2, 1, 674
252, 6, 674, 2, 1, 675
