req_id, LB_arrival, server_arrival, allocated_server, process_time, finish
0, 0, 0, 0, 1, 1
1, 0, 1, 0, 1, 2
2, 0, 0, 1, 1, 1
3, 0, 0, 2, 1, 1
4, 0, 1, 1, 1, 2
5, 0, 1, 2, 1, 2
6, 0, 2, 2, 1, 3
7, 0, 0, 0, 2, 2
8, 0, 2, 0, 1, 3
9, 0, 3, 0, 2, 5
10, 0, 1, 2, 1, 2
11, 0, 2, 1, 2, 4
12, 0, 3, 2, 1, 4
13, 0, 1, 2, 1, 2
14, 0, 5, 0, 1, 6
15, 0, 6, 0, 18, 24
16, 0, 1, 2, 1, 2
17, 0, 4, 1, 143, 147
18, 0, 1, 2, 136, 137
19, 0, 24, 0, 137, 161
server0 process start: 2019-12-17 19:58:00.359098
number of requests: 8
predicted temperature: 
[23.0, 22.985768595352784, 22.986705718437644, 22.98763717851221, 22.31050128095301, 23.007082284745998, 23.018610726406244, 22.347240020440722, 22.35193568659327, 22.356604330774346, 22.721182912425846, 22.375390695825736, 22.37988736053664, 22.3843585276319, 22.388804328667966, 22.75242824306049, 22.76238918092414, 22.77228737880416, 22.782123268889272, 22.79189727987941, 22.80160983701985, 22.81126136213487, 22.8208522736612, 22.83038298668088, 22.839853912953902, 22.849265460950434, 22.858618035882667, 22.867912039736325, 22.87714787130179, 22.886325926204915, 22.895446596937425, 22.904510272887116, 22.91351734036749, 22.58950989993928, 22.592417240361087, 22.595311860541443, 22.59819378433059, 22.60106303596482, 22.6039196400599, 22.606763621604575, 22.609595005954077, 22.612413818823722, 22.615220086282612, 22.618013834747195, 22.620795090975108, 22.623563882058917, 22.62632023541995, 22.629064178802196, 22.63179574026622, 22.634514948183195, 22.6372218312289, 22.639916418377815, 22.642598738897302, 22.645268822341727, 22.647926698546787, 23.322552324234564, 23.334836611843443, 23.347052051294938, 23.359199038741508, 23.3712779676882, 23.383289229017187, 23.395233211011853, 23.407110299380687, 23.418920877280794, 23.430665325341185, 23.442344021685685, 23.453957341955636, 23.465505659332266, 23.476989344558824, 23.48840876596239, 23.499764289475458, 23.51105627865716, 23.522285094714434, 23.533451096522626, 23.544554640646176, 23.55559608135874, 23.566575770663277, 23.57749405831181, 23.588351291824935, 23.59914781651114, 23.609883975485825, 23.620560109690164, 23.63117655790965, 23.641733656792546, 23.65223174086791, 23.662671142563703, 23.67305219222431, 23.68337521812822, 23.69364054650517, 23.703848501553335, 23.71399940545623, 23.72409357839927, 23.734131338586394, 23.74411300225629, 23.7540388836985, 23.76390929526936, 23.77372454740772, 23.783484948650468, 23.793190805647875, 23.80284242317889, 23.81244010416599, 23.82198414969011, 23.831474859005322, 23.840912529553243, 23.85029745697748, 23.859629935137654, 23.868910256123566, 23.878138710268896, 23.887315586164995, 23.89644117067434, 23.90551574894395, 23.91453960441867, 23.92351301885416, 23.93243627232984, 23.941309643261768, 23.950133408415198, 23.95890784291715, 23.967633220268716, 23.976309812357375, 23.984937889469027, 23.99351772030002, 24.00204957196892, 24.010533710028277, 24.018970398476167, 24.027359899767717, 24.035702474826333, 24.043998383055005, 24.05224788234736, 24.060451229098625, 24.068608678216513, 23.87266652956412, 23.88296702086841, 23.89319797255135, 23.903359899581535, 23.913453312601145, 23.923478717967487, 23.933436617794083, 23.943327509991317, 23.95315188830664, 23.962910242364373, 23.97260305770502, 23.982230815824288, 23.99179399421154, 24.001293066387973, 24.010728501944257, 24.020100766577922, 24.02941032213026, 24.038657626622815, 24.04784313429355, 24.056967295632635, 24.066030557417754, 24.07503336274918, 24.08397615108438, 24.092859358272275, 24.101683416587193, 24.11044875476238, 24.119155798023236, 24.127804968120138, 24.13639668336098, 24.14493135864331, 24.15340940548615, 24.16183123206153, 24.170197243225633, 24.178507840549642, 24.186763422350253, 24.194964383719867, 24.203111116556496, 24.21120400959331, 24.219243448427918, 24.227229815551315, 23.97821697493731, 23.98802092553821, 23.997756931226856, 24.007425513738152, 24.017027190194682, 24.026562473154595, 24.03603187065876, 24.045435886277396, 24.05477501915613, 24.064049764061558, 24.073260611426182, 24.082408047392875, 24.091492553858792, 24.100514608518786, 24.109474684908246, 24.118373252445476, 24.12721077647361, 24.135987718301973, 24.14470453524691, 24.15336168067228, 24.161959604029363, 24.170498750896314]
server0 process end: 2019-12-17 19:58:24.359419
server1 process start: 2019-12-17 19:58:24.359436
number of requests: 4
predicted temperature: 
[23.0, 22.985768595352788, 23.000540277855002, 23.01215223690276, 23.026464118194202, 22.364585900933086, 22.369124701704834, 22.73161188883329, 22.741692705128663, 22.75171017530054, 22.7616647329119, 22.771556808072475, 22.781386827471877, 22.791155214412186, 22.80086238884034, 22.810508767380156, 22.82009476336382, 22.829620786863302, 22.839087244721213, 22.84849454058139, 22.85784307491919, 22.867133245071408, 22.876365445265833, 22.88554006665056, 22.894657497322942, 22.903718122358196, 22.912722323837766, 22.921670480877292, 22.93056296965436, 22.93940016343587, 22.948182432605176, 22.956910144688898, 22.965583664383413, 22.974203353581103, 22.98276957139633, 22.99128267419107, 22.999743015600327, 23.008150946557226, 23.01650681531789, 23.024810967485994, 23.03306374603704, 23.041265491342507, 23.049416541193526, 23.057517230824505, 23.065567892936343, 23.07356885771952, 23.081520452876813, 23.089423003645933, 23.097276832821706, 23.105082260778246, 23.1128396054907, 23.12054918255688, 23.12821130521863, 23.135826284382922, 23.14339442864282, 23.150916044298118, 23.158391435375833, 23.165820903650474, 23.17320474866404, 23.1805432677459, 23.18783675603232, 23.19508550648599, 23.2022898099151, 23.209449954992465, 23.216566228274253, 23.22363891421861, 23.230668295204065, 23.237654651547757, 23.244598261523443, 23.251499401379384, 23.258358345355944, 23.265175365703055, 23.271950732697547, 23.278684714660248, 23.285377577972856, 23.292029587094774, 23.298641004579622, 23.30521209109169, 23.311743105422156, 23.318234304505147, 23.324685943433668, 23.331098275475313, 23.33747155208789, 23.34380602293479, 23.35010193590029, 23.35635953710463, 23.362579070918983, 23.368760779980228, 23.37490490520564, 23.38101168580733, 23.38708135930665, 23.393114161548365, 23.399110326714734, 23.405070087339404, 23.410993674321222, 23.416881316937825, 23.1553279519538, 23.163436035512635, 23.1714874956114, 23.17948276886802, 23.18742228807743, 23.195306482249798, 23.203135776648363, 23.2109105928268, 23.218631348666204, 23.22629845841167, 23.233912332708385, 23.241473378637433, 23.248981999751095, 23.256438596107813, 23.263843564306768, 23.271197297522047, 23.27850018553639, 23.285752614774704, 23.29295496833703, 23.30010762603124, 23.307210964405428, 23.314265356779767, 23.321271173278188, 23.328228780859632, 23.335138543348965, 23.34200082146754, 23.348815972863434, 23.355584352141403, 23.362306310892407, 23.368982197722886, 23.37561235828371, 23.38219713529878, 23.388736868593345, 23.395231895121984, 23.401682548996334, 23.408089161512425, 23.414452061177833, 23.420771573738435, 23.42704802220495, 23.433281726879137, 23.43947300537974, 23.445622172668152, 23.45172954107377, 23.457795420319144, 23.46382011754478, 23.469803937333698, 23.475747181735777, 23.48165015029177, 23.487513140057104, 23.493336445625353, 23.499120359151632, 23.504865170375524, 23.510571166643892, 23.51623863293345]
server1 process end: 2019-12-17 19:58:28.359660
server2 process start: 2019-12-17 19:58:28.359673
number of requests: 8
predicted temperature: 
[23.0, 22.985768595352788, 22.314600734876944, 22.635360436135336, 22.644978220626427, 23.019021211787, 22.963242013451307, 22.674439728301735, 22.68633819762757, 22.69820271514453, 22.418483781077764, 22.721829084415074, 22.731248952509123, 22.740655087400746, 22.75004710072991, 22.759424611622414, 22.76878724658875, 22.778134639424145, 22.787466431109806, 22.7967822697154, 22.806081810302683, 22.815364714830267, 22.824630652059582, 22.833879297461934, 22.843110333126738, 22.852323447670788, 22.8615183361487, 22.870694699964414, 22.879852246783727, 22.88899069044794, 22.898109750888544, 22.907209154042928, 22.91628863177112, 22.925347921773557, 22.934386767509764, 22.943404918118212, 22.78064190209374, 22.794026276438984, 22.80732224215939, 22.820530485830727, 22.83365168683539, 22.84668651746631, 22.859635643028952, 22.87249972194161, 22.885279405833906, 22.897975339643587, 22.9105881617116, 22.923118503875585, 22.935566991561657, 22.947934243874666, 22.960220873686854, 22.97242748772499, 22.98455468665602, 22.996603065171197, 23.008573212068807, 23.020465710335454, 23.032281137225933, 23.044020064341797, 23.055683057708496, 23.067270677851283, 23.078783479869745, 23.090222013511138, 23.101586823242457, 23.112878448321247, 23.124097422865255, 23.13524427592092, 23.14631953153065, 23.157323708799055, 23.168257321957938, 23.17912088043036, 23.189914888893497, 23.200639847340526, 23.211296251141427, 23.221884591102818, 23.232405353526822, 23.24285902026884, 23.253246068794496, 23.263566972235605, 23.27382219944518, 23.284012215051575, 23.294137479511743, 23.304198449163586, 23.314195576277527, 23.324129309107157, 23.33400009193907, 23.343808365141985, 23.35355456521492, 23.363239124834756, 23.372862472902895, 23.382425034591243, 23.39192723138745, 23.40136948113939, 23.410752198098997, 23.4200757929653, 23.429340672926934, 23.43854724170379, 23.44769589958814, 23.456787043485104, 23.465821066952394, 23.47479836023954, 23.483719310326418, 23.492584300961255, 23.501393712697958, 23.51014792293294, 23.518847305941357, 23.527492232912728, 23.536083071986074, 23.54462018828452, 23.553103943949303, 23.56153469817332, 23.569912807234175, 23.57823862452662, 23.586512500594676, 23.594734783163087, 23.602905817168434, 23.61102594478975, 23.619095505478583, 23.62711483598882, 23.635084270405777, 23.643004140175158, 23.650874774131374, 23.658696498525522, 23.666469637052916, 23.67419451088035, 23.68187143867272, 23.68950073661948, 23.697082718460617, 23.704617695512233, 23.712105976691813, 23.719547868543092, 23.726943675260564, 23.73429369871367, 23.741598238470623, 23.74885759182188, 23.756072053803326, 23.763241917219045, 23.7703674726639, 23.777449008545645, 23.784486811106888]
server2 process end: 2019-12-17 19:58:31.359984
