req_id, LB_arrival, server_arrival, allocated_server, process_time, finish
0, 13, 13, 0, 22, 35
1, 27, 27, 1, 26, 53
2, 33, 33, 2, 38, 71
3, 46, 46, 0, 45, 91
4, 55, 55, 0, 35, 90
5, 68, 68, 0, 38, 106
6, 83, 83, 1, 32, 115
7, 92, 92, 1, 29, 121
8, 101, 101, 2, 37, 138
9, 107, 107, 0, 15, 122
10, 116, 116, 1, 42, 158
11, 128, 128, 0, 30, 158
12, 137, 137, 0, 45, 182
13, 151, 151, 2, 35, 186
14, 161, 161, 1, 12, 173
15, 170, 170, 0, 33, 203
16, 179, 179, 1, 44, 223
17, 189, 189, 2, 47, 236
18, 194, 203, 0, 22, 225
19, 214, 223, 1, 44, 267
20, 228, 228, 0, 39, 267
21, 238, 238, 2, 46, 284
22, 250, 267, 0, 13, 280
23, 275, 275, 1, 50, 325
24, 287, 287, 0, 47, 334
25, 298, 298, 2, 50, 348
26, 306, 306, 0, 43, 349
27, 317, 325, 1, 10, 335
28, 339, 339, 1, 20, 359
29, 352, 352, 0, 26, 378
30, 359, 359, 1, 47, 406
31, 366, 366, 2, 33, 399
32, 372, 372, 2, 29, 401
33, 383, 383, 0, 12, 395
34, 389, 389, 0, 44, 433
35, 395, 401, 2, 28, 429
36, 415, 415, 1, 47, 462
37, 423, 429, 2, 41, 470
38, 436, 436, 0, 32, 468
39, 444, 444, 0, 29, 473
40, 458, 458, 1, 18, 476
41, 463, 463, 0, 24, 487
42, 474, 474, 2, 31, 505
43, 481, 481, 1, 44, 525
44, 495, 495, 0, 28, 523
45, 500, 505, 2, 24, 529
46, 516, 523, 0, 29, 552
47, 529, 529, 1, 17, 546
48, 536, 536, 2, 41, 577
49, 543, 546, 1, 19, 565
50, 558, 558, 0, 26, 584
51, 569, 569, 1, 11, 580
52, 575, 575, 1, 29, 604
53, 588, 588, 0, 48, 636
54, 594, 594, 2, 25, 619
55, 606, 606, 1, 30, 636
56, 615, 615, 0, 25, 640
57, 623, 623, 0, 36, 659
58, 635, 635, 2, 48, 683
59, 646, 646, 1, 11, 657
60, 659, 659, 0, 27, 686
61, 671, 671, 1, 26, 697
62, 679, 679, 0, 15, 694
63, 692, 692, 2, 45, 737
64, 702, 702, 0, 14, 716
65, 707, 707, 1, 33, 740
66, 719, 719, 0, 43, 762
67, 733, 733, 0, 12, 745
68, 740, 740, 1, 35, 775
69, 745, 745, 2, 12, 757
70, 755, 755, 0, 24, 779
71, 767, 767, 2, 34, 801
72, 776, 776, 1, 50, 826
73, 789, 789, 0, 43, 832
74, 795, 801, 2, 13, 814
75, 812, 814, 2, 11, 825
76, 821, 821, 1, 20, 841
77, 836, 836, 0, 32, 868
78, 847, 847, 1, 26, 873
79, 862, 862, 0, 32, 894
80, 869, 869, 2, 27, 896
81, 878, 878, 1, 14, 892
82, 883, 892, 1, 13, 905
83, 897, 897, 0, 44, 941
84, 910, 910, 1, 20, 930
85, 915, 915, 2, 18, 933
86, 921, 921, 0, 20, 941
87, 933, 933, 1, 12, 945
88, 941, 941, 0, 12, 953
89, 952, 952, 1, 27, 979
90, 957, 957, 0, 21, 978
91, 965, 965, 2, 10, 975
92, 971, 971, 2, 16, 987
93, 979, 979, 0, 16, 995
94, 988, 988, 1, 33, 1021
95, 997, 997, 0, 12, 1009
96, 1006, 1006, 2, 42, 1048
97, 1017, 1017, 0, 49, 1066
98, 1027, 1027, 1, 39, 1066
99, 1042, 1048, 2, 25, 1073
100, 1060, 1066, 0, 39, 1105
101, 1071, 1071, 1, 36, 1107
102, 1085, 1085, 2, 42, 1127
103, 1092, 1105, 0, 28, 1133
104, 1116, 1116, 1, 42, 1158
105, 1129, 1129, 0, 12, 1141
106, 1136, 1136, 2, 27, 1163
107, 1148, 1148, 0, 29, 1177
108, 1158, 1158, 1, 28, 1186
109, 1166, 1166, 2, 41, 1207
110, 1173, 1177, 0, 16, 1193
111, 1190, 1190, 1, 36, 1226
112, 1202, 1202, 0, 36, 1238
113, 1215, 1215, 1, 46, 1261
114, 1227, 1227, 2, 25, 1252
115, 1239, 1239, 0, 35, 1274
116, 1248, 1252, 2, 28, 1280
117, 1263, 1263, 1, 26, 1289
118, 1278, 1278, 0, 43, 1321
119, 1284, 1284, 2, 11, 1295
120, 1299, 1299, 1, 27, 1326
121, 1309, 1309, 2, 28, 1337
122, 1316, 1321, 0, 29, 1350
123, 1328, 1328, 1, 46, 1374
124, 1336, 1336, 0, 36, 1372
125, 1343, 1343, 2, 40, 1383
126, 1354, 1354, 0, 20, 1374
127, 1368, 1374, 0, 50, 1424
128, 1383, 1383, 1, 28, 1411
129, 1398, 1398, 2, 12, 1410
130, 1412, 1412, 1, 35, 1447
131, 1422, 1422, 2, 48, 1470
132, 1435, 1435, 0, 44, 1479
133, 1445, 1445, 1, 50, 1495
134, 1452, 1470, 2, 47, 1517
135, 1478, 1479, 0, 26, 1505
136, 1494, 1495, 1, 10, 1505
137, 1510, 1510, 0, 23, 1533
138, 1521, 1521, 1, 31, 1552
139, 1535, 1535, 0, 15, 1550
140, 1546, 1546, 2, 36, 1582
141, 1552, 1552, 0, 18, 1570
142, 1561, 1561, 1, 27, 1588
143, 1576, 1576, 0, 26, 1602
144, 1590, 1590, 1, 42, 1632
145, 1599, 1599, 1, 11, 1610
146, 1607, 1607, 0, 29, 1636
147, 1620, 1620, 2, 39, 1659
148, 1631, 1631, 1, 46, 1677
149, 1645, 1645, 0, 46, 1691
150, 1658, 1658, 1, 37, 1695
151, 1665, 1665, 2, 12, 1677
152, 1676, 1677, 2, 44, 1721
153, 1683, 1691, 0, 12, 1703
154, 1701, 1701, 0, 46, 1747
155, 1711, 1711, 1, 12, 1723
156, 1718, 1718, 0, 19, 1737
157, 1725, 1725, 1, 15, 1740
158, 1737, 1737, 2, 45, 1782
159, 1752, 1752, 0, 48, 1800
160, 1767, 1767, 1, 30, 1797
161, 1782, 1782, 0, 33, 1815
162, 1795, 1795, 2, 49, 1844
163, 1805, 1805, 1, 22, 1827
164, 1820, 1820, 0, 18, 1838
165, 1825, 1827, 1, 49, 1876
166, 1839, 1839, 0, 41, 1880
167, 1846, 1846, 2, 29, 1875
168, 1860, 1860, 0, 12, 1872
169, 1865, 1875, 2, 23, 1898
170, 1880, 1880, 0, 44, 1924
171, 1886, 1886, 1, 32, 1918
172, 1895, 1898, 2, 27, 1925
173, 1904, 1904, 0, 31, 1935
174, 1917, 1918, 1, 12, 1930
175, 1926, 1926, 2, 45, 1971
176, 1940, 1940, 0, 20, 1960
177, 1947, 1947, 1, 23, 1970
178, 1960, 1960, 0, 50, 2010
179, 1972, 1972, 1, 45, 2017
180, 1983, 1983, 2, 14, 1997
181, 1996, 1996, 1, 48, 2044
182, 2003, 2003, 2, 14, 2017
183, 2018, 2018, 0, 25, 2043
184, 2023, 2023, 2, 19, 2042
185, 2030, 2030, 1, 24, 2054
186, 2039, 2042, 2, 49, 2091
187, 2054, 2054, 0, 24, 2078
188, 2061, 2061, 1, 21, 2082
189, 2068, 2068, 0, 48, 2116
190, 2077, 2082, 1, 35, 2117
191, 2096, 2096, 2, 47, 2143
192, 2104, 2116, 0, 12, 2128
193, 2123, 2123, 1, 42, 2165
194, 2131, 2131, 0, 44, 2175
195, 2145, 2145, 2, 40, 2185
196, 2157, 2157, 0, 24, 2181
197, 2170, 2170, 1, 23, 2193
198, 2177, 2177, 0, 31, 2208
199, 2186, 2186, 2, 32, 2218
server0 process start: 2019-12-12 08:08:31.656454
number of requests: 4869995787
predicted temperature: 
[23.0]server0 process end: 2019-12-12 08:44:36.876742
server1 process start: 2019-12-12 08:50:27.010197
number of requests: 66
predicted temperature: 
[23.0]server1 process end: 2019-12-12 09:26:12.630501
server2 process start: 2019-12-12 09:32:02.760711
number of requests: 54
predicted temperature: 
[23.0]server2 process end: 2019-12-12 10:07:57.129835
