req_id, LB_arrival, server_arrival, allocated_server, process_time, finish
0, 0, 0, 0, 1, 1
1, 0, 1, 0, 1, 2
2, 0, 0, 1, 1, 1
3, 0, 1, 0, 1, 2
4, 0, 1, 1, 1, 2
5, 0, 0, 2, 1, 1
6, 0, 2, 0, 1, 3
7, 0, 1, 2, 2, 3
8, 0, 2, 0, 1, 3
9, 0, 2, 1, 2, 4
10, 0, 2, 0, 1, 3
11, 0, 3, 0, 2, 5
12, 0, 5, 0, 1, 6
13, 0, 3, 2, 1, 4
14, 0, 6, 0, 1, 7
15, 0, 4, 1, 18, 22
16, 0, 0, 1, 1, 1
17, 0, 4, 2, 143, 147
18, 0, 7, 0, 136, 143
19, 0, 3, 0, 137, 140
server0 process start: 2019-12-17 19:28:47.866960
number of requests: 11
predicted temperature: 
[23.0, 22.985768595352788, 22.627946387457264, 23.00884804206223, 22.343417362874288, 22.708912629340425, 22.71915477291178, 22.37175787483431, 22.37627329252657, 22.38076324357076, 22.74324113580043, 22.396836179890727, 22.401187023953078, 22.4055135145876, 22.4098157719474, 22.771194550549716, 22.425521700469204, 22.429688492051575, 22.433832132636212, 22.437952734791555, 22.442050410791, 22.446125272608906, 22.45017743191679, 22.454207000079574, 22.458214088152044, 22.462198806875282, 22.466161266673318, 22.4701015776498, 22.474019849584845, 22.477916191931907, 22.4817907138148, 22.485643524024834, 22.48947473101795, 22.49328444291207, 22.497072767484408, 22.500839812169, 22.50458568405425, 22.508310489880493, 22.512014336037836, 22.515697328563878, 22.519359573141596, 22.523001175097363, 22.526622239398936, 22.530222870653578, 22.533803173106264, 22.53736325063796, 22.540903206763893, 22.54442314463199, 22.547923167021374, 22.551403376340826, 22.5548638746275, 22.558304763545475, 22.56172614438456, 22.56512811805904, 22.568510785106568, 22.571874245687027, 22.575218599581568, 22.578543946191548, 22.581850384537674, 22.585138013259137, 22.588406930612763, 22.591657234472294, 22.594889022327642, 22.598102391284264, 22.601297438062556, 22.604474258997246, 22.607632950036944, 22.610773606743614, 22.613896324292202, 22.617001197470234, 22.620088320677485, 22.623157787925678, 22.626209692838252, 22.62924412865014, 22.6322611882076, 22.635260963968054, 22.638243548000077, 22.641209031983234, 22.644157507208146, 22.647089064576456, 22.65000379460088, 22.652901787405327, 22.655783132724988, 22.658647919906485, 22.661496237908075, 22.664328175299815, 22.66714382026387, 22.66994326059472, 22.67272658369954, 22.675493876598438, 22.678245225924893, 22.680980717926083, 22.683700438463347, 22.68640447301258, 22.689092906664733, 22.691765824126232, 22.694423309719607, 22.697065447383906, 22.699692320675346, 22.702304012767804, 22.704900606453535, 22.70748218414367, 22.710048827868967, 22.7126006192804, 22.715137639649917, 22.71765996987106, 22.720167690459753, 22.722660881555015, 22.725139622919748, 22.72760399394148, 22.73005407363316, 22.732489940634018, 22.734911673210327, 22.737319349256296, 22.739713046294902, 22.74209284147876, 22.744458811591052, 22.74681103304637, 22.749149581891658, 22.751474533807176, 22.753785964107365, 22.756083947741903, 22.758368559296564, 22.76063987299427, 22.762897962696066, 22.76514290190211, 22.7673747637527, 22.76959362102929, 22.771799546155517, 22.773992611198263, 22.776172887868704, 22.778340447523338, 22.780495361165123, 22.7826376994445, 22.784767532660524, 22.786884930761904, 22.788989963348197, 22.791082699670824, 22.793163208634276, 22.795231558797177, 22.79728781837347, 22.7993320552335, 22.801364336905237, 22.803384730575353, 22.80539330309046, 22.8073901209582, 22.80937525034844, 22.811348757094514, 22.813310706694296, 22.815261164311494, 22.817200194776717, 22.819127862588815, 22.821044231915973, 22.82294936659693, 24.046118448205462, 24.055421763708555, 24.06466129762638]
server0 process end: 2019-12-17 19:28:54.883253
server1 process start: 2019-12-17 19:28:54.883266
number of requests: 5
predicted temperature: 
[23.0, 22.985768595352784, 22.99437311186336, 22.633966841191736, 23.020298004966513, 22.356657488641417, 22.36126658133975, 23.04475130665103, 23.06198208827655, 23.07913798011228, 23.09621915840924, 23.113225800851595, 23.130158086526954, 23.147016195897095, 23.163800310768934, 23.18051061426582, 23.19714729079925, 23.213710526040792, 23.23020050689434, 23.246617421468827, 23.262961459051027, 23.279232810078867, 23.295431666114922, 23.311558219820277, 23.32761266492868]
server1 process end: 2019-12-17 19:28:58.883363
server2 process start: 2019-12-17 19:28:58.883375
number of requests: 4
predicted temperature: 
[23.0, 22.98576859535278, 23.000170817727884, 23.017608208659844, 22.35709199977908, 23.039906742295106, 22.379695806876754, 22.384108850616876, 22.746945517914668, 22.759646957760573, 22.772251804268045, 22.784760897193976, 22.797175067964844, 22.809495139767797, 22.82172192764077, 22.833856238561452, 22.845898871535354, 22.857850617682736, 22.86971226032464, 22.88148457506783, 22.893168329888823, 22.904764285216952, 22.91627319401642, 22.927695801867422, 22.939032847046384, 22.950285060605225, 22.961453166449708, 22.972537881416937, 22.98353991535187, 22.994459971183062, 23.005298744997468, 23.016056926114377, 23.02673519715858, 23.037334234132548, 23.047854706487943, 23.05829727719621, 23.06866260281837, 23.07895133357403, 23.089164113409623, 23.0993015800658, 23.109364365144078, 23.119353094172794, 23.129268386672184, 23.139110856218757, 23.148881110509027, 23.158579751422366, 23.16820737508324, 23.177764571922676, 23.187251926739073, 23.196670018758294, 23.20601942169305, 23.215300703801667, 23.224514427946104, 23.23366115164935, 23.242741427152186, 23.251755801469265, 23.260704816444566, 23.269589008806204, 23.278408910220627, 23.2871650473462, 23.295857941886176, 23.30448811064104, 23.313056065560296, 23.32156231379365, 23.330007357741586, 23.338391695105425, 23.34671581893673, 23.354980217686215, 23.36318537525214, 23.371331771028025, 23.379419879949936, 23.387450172543165, 23.395423114968477, 23.4033391690677, 23.411198792408914, 23.419002438331056, 23.426750555988058, 23.434443590392487, 23.44208198245867, 23.449666169045322, 23.457196582997774, 23.464673653189582, 23.47209780456382, 23.479469458173796, 23.486789031223374, 23.494056937106773, 23.501273585448033, 23.5084393821399, 23.51555472938241, 23.522620025720848, 23.529635666083554, 23.536602041819062, 23.543519540732902, 23.550388547124076, 23.557209441820994, 23.563982602217024, 23.5707084023058, 23.577387212715912, 23.58401940074534, 23.590605330395515, 23.59714536240491, 23.60363985428236, 23.6100891603399, 23.61649363172532, 23.62285361645435, 23.629169459442444, 23.635441502536217, 23.641670084544614, 23.64785554126958, 23.653998205536546, 23.66009840722446, 23.666156473295565, 23.672172727824794, 23.67814749202885, 23.68408108429498, 23.689973820209456, 23.69582601258564, 23.70163797149184, 23.707410004278817, 23.713142415607024, 23.718835507473464, 23.724489579238313, 23.730104927651286, 23.73568184687762, 23.74122062852377, 23.746721561663, 23.752184932860413, 23.757611026197964, 23.763000123299026, 23.76835250335278, 23.77366844313826, 23.77894821704823, 23.784192097112747, 23.789400353022387, 23.794573252151427, 23.524911267364924, 23.53204914255146, 23.53913572938147, 23.54617144215978, 23.553156691313497, 23.560091883434282, 23.566977421320026, 23.57381370401603, 23.580601126855697, 23.587340081500713, 23.594030955980706, 23.60067413473246, 23.60726999863858, 23.61381892506577, 23.62032128790254, 23.626777457596532]
server2 process end: 2019-12-17 19:29:02.883587
