req_id, LB_arrival, server_arrival, allocated_server, process_time, finish
0, 6, 6, 0, 16, 22
1, 21, 21, 1, 19, 40
2, 32, 32, 2, 31, 63
3, 46, 46, 1, 23, 69
4, 58, 58, 0, 16, 74
server0 process start: 2019-12-14 18:37:06.804222
number of requests: 2
predicted temperature: 
[23.0, 22.985768595352784, 22.997121796884887, 23.008385232192417, 23.01955971850238, 23.030646064573634, 23.04164507079292, 23.05255752926992, 23.063384223931024, 23.074125930612105, 23.084783417150106, 23.095357443473524, 23.105848761691938, 23.11625811618427, 23.12658624368617, 23.136833873376276, 23.14700172696145, 22.801505778017845, 22.80305570536509, 22.804602082951696, 22.8061448666434, 22.807684013271654, 22.80921948062116, 22.810751227417597, 22.812279213315357, 22.813803398885554, 22.81532374560401, 22.816840215839406, 22.818352772841596, 22.81986138072992, 22.821366004481774, 22.822866609921206, 22.824363163707634, 22.82585563332467, 22.82734398706908, 22.82882819403988, 22.830308224127478, 22.831784048002948, 22.83325563710746, 22.834722963641745, 22.836186000555728, 22.837644721538222, 22.839099101006806, 22.840549114097655, 22.841994736655717, 22.84343594522469, 22.844872717037394, 22.846305030006057, 22.847732862712796, 22.84915619440011, 22.85057500496163, 22.851989274932755, 22.85339898548159, 22.861355232476143, 22.869314109954946, 22.877275046717905, 22.88523748107903, 22.893200860743207, 22.901164642684353, 22.909128293025034, 22.917091286917543, 22.92505310842626, 22.93301325041151, 22.940971214414756, 22.94892651054514, 22.956878657367366, 22.964827181790938, 22.972771618960618]
server0 process end: 2019-12-14 18:38:00.072534
server1 process start: 2019-12-14 18:38:50.104789
number of requests: 2
predicted temperature: 
[23.0, 22.985768595352788, 23.000540277854995, 23.015270382051398, 23.029958667030414, 23.044604898366003, 23.059208848027573, 23.073770294291236, 23.088289021651775, 23.102764820735928, 23.117197488216476, 23.131586826727485, 23.145932644780416, 23.160234756681326, 23.174492982448925, 23.188707147733723, 23.202877083738045, 23.217002627136935, 23.231083620000213, 23.2451199097151, 22.689127881603056, 22.691195608562236, 22.693260863115853, 22.695323499487657, 22.697383375500063, 23.0277618510895, 23.035974978690113, 23.04413776841234, 23.05225054168204, 23.060313617776266, 23.068327313836903, 23.076291944884126, 23.084207823829946, 23.092075261491615, 23.099894566605094, 23.10766604583842, 23.115390003805047, 23.12306674307719, 23.130696564199013, 23.13827976569993, 23.145816644107754, 23.15330749396182, 23.160752607826055, 23.16815227630205, 23.175506788042053, 23.182816429761825, 23.190081486253625, 23.197302240399]
server1 process end: 2019-12-14 18:39:16.495431
server2 process start: 2019-12-14 18:40:06.545563
number of requests: 1
predicted temperature: 
[23.0, 22.985768595352784, 22.99437311186336, 23.00292231687487, 23.011416608678847, 23.019856382123656, 23.028242028650638, 23.03657393632985, 23.04485248989546, 23.053078070780614, 23.061251057151935, 23.06937182394362, 23.077440742891074, 23.085458182564203, 23.093424508400258, 23.10134008273633, 23.109205264841407, 23.117020410948083, 23.124785874283905, 23.13250200510227, 23.14016915071307, 23.147787655512833, 23.155357861014643, 23.162880105877612, 23.170354725936033, 23.17778205422818, 23.18516242102478, 23.192496153857146, 23.199783577544967, 23.207025014223746, 23.21422078337198, 23.221371201837968]
server2 process end: 2019-12-14 18:40:08.019116
