req_id, LB_arrival, server_arrival, allocated_server, process_time, finish
0, 0, 0, 0, 1, 1
1, 0, 0, 0, 1, 1
2, 0, 1, 0, 1, 2
3, 0, 1, 0, 1, 2
4, 0, 2, 0, 1, 3
5, 0, 3, 0, 1, 4
6, 0, 0, 1, 1, 1
7, 0, 0, 1, 2, 2
8, 0, 1, 1, 1, 2
9, 0, 0, 2, 2, 2
10, 0, 2, 2, 1, 3
11, 0, 4, 0, 2, 6
12, 0, 3, 2, 1, 4
13, 0, 4, 2, 1, 5
14, 0, 5, 2, 1, 6
15, 0, 2, 1, 18, 20
16, 0, 6, 0, 1, 7
17, 0, 6, 2, 143, 149
18, 0, 7, 0, 136, 143
19, 0, 20, 1, 137, 157
20, 0, 143, 0, 143, 286
21, 0, 157, 1, 137, 294
22, 0, 294, 1, 143, 437
23, 0, 149, 2, 143, 292
24, 0, 437, 1, 143, 580
25, 0, 580, 1, 1, 581
26, 0, 581, 1, 1, 582
27, 0, 1, 0, 16, 17
28, 0, 582, 1, 2, 584
29, 1, 584, 1, 1, 585
30, 1, 585, 1, 1, 586
31, 1, 586, 1, 1, 587
32, 1, 1, 0, 1, 2
33, 1, 1, 1, 1, 2
34, 1, 587, 1, 1, 588
35, 1, 588, 1, 26, 614
36, 1, 1, 1, 142, 143
37, 1, 614, 1, 84, 698
38, 1, 698, 1, 1, 699
39, 1, 699, 1, 1, 700
40, 1, 700, 1, 142, 842
41, 2, 842, 1, 14, 856
42, 2, 856, 1, 19, 875
43, 2, 2, 1, 13, 15
44, 2, 2, 0, 16, 18
45, 2, 2, 0, 11, 13
46, 2, 875, 1, 18, 893
47, 2, 893, 1, 14, 907
48, 2, 907, 1, 12, 919
49, 2, 919, 1, 11, 930
50, 2, 930, 1, 15, 945
51, 2, 2, 0, 13, 15
52, 2, 945, 1, 17, 962
53, 2, 962, 1, 13, 975
54, 2, 975, 1, 14, 989
55, 2, 989, 1, 14, 1003
56, 2, 1003, 1, 18, 1021
57, 2, 1021, 1, 12, 1033
58, 2, 1033, 1, 12, 1045
59, 2, 1045, 1, 17, 1062
60, 2, 2, 1, 19, 21
61, 2, 1062, 1, 13, 1075
62, 2, 1075, 1, 19, 1094
63, 2, 2, 1, 10, 12
64, 2, 1094, 1, 17, 1111
65, 2, 1111, 1, 19, 1130
66, 2, 2, 1, 13, 15
67, 2, 1130, 1, 12, 1142
68, 2, 1142, 1, 16, 1158
69, 2, 2, 0, 17, 19
70, 2, 1158, 1, 15, 1173
71, 2, 1173, 1, 16, 1189
72, 2, 2, 1, 12, 14
73, 2, 1189, 1, 141, 1330
74, 2, 1330, 1, 19, 1349
75, 2, 1349, 1, 15, 1364
76, 2, 2, 0, 25, 27
77, 2, 2, 0, 25, 27
78, 2, 1364, 1, 17, 1381
79, 2, 1381, 1, 122, 1503
80, 2, 2, 1, 141, 143
81, 2, 1503, 1, 19, 1522
82, 2, 1522, 1, 4, 1526
83, 2, 1526, 1, 1, 1527
84, 2, 1527, 1, 1, 1528
85, 2, 1528, 1, 1, 1529
86, 2, 1529, 1, 18, 1547
87, 2, 1547, 1, 18, 1565
88, 2, 1565, 1, 17, 1582
89, 2, 1582, 1, 1, 1583
90, 2, 1583, 1, 18, 1601
91, 2, 2, 0, 19, 21
92, 2, 2, 1, 18, 20
93, 2, 2, 0, 15, 17
94, 2, 1601, 1, 14, 1615
95, 2, 1615, 1, 16, 1631
96, 2, 1631, 1, 18, 1649
97, 2, 1649, 1, 11, 1660
98, 2, 1660, 1, 15, 1675
99, 2, 2, 1, 19, 21
100, 2, 1675, 1, 13, 1688
101, 2, 1688, 1, 16, 1704
102, 2, 2, 0, 18, 20
103, 2, 1704, 1, 13, 1717
104, 2, 1717, 1, 19, 1736
105, 3, 1736, 1, 17, 1753
106, 3, 1753, 1, 32, 1785
107, 3, 1785, 1, 18, 1803
108, 3, 1803, 1, 1, 1804
109, 3, 1804, 1, 16, 1820
110, 3, 1820, 1, 12, 1832
111, 3, 1832, 1, 1, 1833
112, 3, 1833, 1, 11, 1844
113, 3, 1844, 1, 17, 1861
114, 3, 3, 0, 18, 21
115, 3, 1861, 1, 12, 1873
116, 3, 1873, 1, 1, 1874
117, 3, 1874, 1, 1, 1875
118, 3, 1875, 1, 17, 1892
119, 3, 1892, 1, 18, 1910
120, 3, 3, 1, 18, 21
121, 3, 1910, 1, 18, 1928
122, 3, 3, 0, 14, 17
123, 3, 3, 1, 19, 22
124, 3, 3, 0, 2, 5
125, 3, 1928, 1, 13, 1941
126, 3, 1941, 1, 1, 1942
127, 3, 3, 1, 13, 16
128, 3, 1942, 1, 12, 1954
129, 3, 1954, 1, 15, 1969
130, 3, 1969, 1, 1, 1970
131, 3, 1970, 1, 13, 1983
132, 3, 1983, 1, 1, 1984
133, 3, 1984, 1, 12, 1996
134, 3, 3, 0, 13, 16
135, 3, 1996, 1, 16, 2012
136, 3, 3, 0, 13, 16
137, 3, 2012, 1, 18, 2030
138, 3, 3, 0, 1, 4
139, 3, 2030, 1, 4, 2034
140, 3, 2034, 1, 1, 2035
141, 3, 2035, 1, 14, 2049
142, 3, 2049, 1, 1, 2050
143, 3, 2050, 1, 2, 2052
144, 3, 2052, 1, 13, 2065
145, 3, 2065, 1, 22, 2087
146, 3, 2087, 1, 14, 2101
147, 3, 2101, 1, 13, 2114
148, 3, 2114, 1, 31, 2145
149, 3, 3, 0, 17, 20
150, 3, 3, 1, 11, 14
151, 3, 2145, 1, 26, 2171
152, 3, 2171, 1, 140, 2311
153, 3, 2311, 1, 140, 2451
154, 3, 2451, 1, 27, 2478
155, 3, 2478, 1, 140, 2618
156, 3, 2618, 1, 140, 2758
157, 3, 2758, 1, 117, 2875
158, 3, 2875, 1, 14, 2889
159, 3, 2889, 1, 1, 2890
160, 3, 2890, 1, 14, 2904
161, 3, 2904, 1, 19, 2923
162, 3, 2923, 1, 18, 2941
163, 3, 2941, 1, 17, 2958
164, 3, 2958, 1, 1, 2959
165, 3, 2959, 1, 13, 2972
166, 3, 3, 0, 18, 21
167, 3, 3, 1, 20, 23
168, 3, 2972, 1, 13, 2985
169, 3, 2985, 1, 17, 3002
170, 3, 3002, 1, 18, 3020
171, 3, 3020, 1, 18, 3038
172, 3, 3038, 1, 13, 3051
173, 3, 3051, 1, 18, 3069
174, 3, 3069, 1, 13, 3082
175, 3, 3, 1, 16, 19
176, 3, 3082, 1, 18, 3100
177, 3, 3100, 1, 17, 3117
178, 4, 3117, 1, 16, 3133
179, 4, 3133, 1, 1, 3134
180, 4, 3134, 1, 1, 3135
181, 4, 3135, 1, 15, 3150
182, 4, 20, 1, 13, 33
183, 4, 3150, 1, 1, 3151
184, 4, 3151, 1, 1, 3152
185, 4, 3152, 1, 19, 3171
186, 4, 3171, 1, 1, 3172
187, 4, 3172, 1, 1, 3173
188, 4, 3173, 1, 2, 3175
189, 4, 3175, 1, 17, 3192
190, 4, 7, 0, 1, 8
191, 4, 3192, 1, 17, 3209
192, 4, 3209, 1, 1, 3210
193, 4, 3210, 1, 1, 3211
194, 4, 7, 0, 19, 26
195, 4, 7, 0, 1, 8
196, 4, 20, 1, 1, 21
197, 4, 3211, 1, 1, 3212
198, 4, 3212, 1, 16, 3228
199, 4, 3228, 1, 139, 3367
200, 4, 3367, 1, 139, 3506
201, 4, 3506, 1, 25, 3531
202, 4, 3531, 1, 1, 3532
203, 4, 3532, 1, 139, 3671
204, 4, 3671, 1, 139, 3810
205, 4, 3810, 1, 61, 3871
206, 4, 3871, 1, 139, 4010
207, 4, 4010, 1, 139, 4149
208, 4, 4149, 1, 139, 4288
209, 4, 4288, 1, 139, 4427
210, 4, 4427, 1, 52, 4479
211, 4, 4479, 1, 23, 4502
212, 4, 7, 0, 1, 8
213, 4, 4502, 1, 1, 4503
214, 4, 4503, 1, 1, 4504
215, 4, 4504, 1, 1, 4505
216, 4, 4505, 1, 139, 4644
217, 5, 7, 0, 1, 8
218, 5, 4644, 1, 1, 4645
219, 5, 4645, 1, 1, 4646
220, 5, 4646, 1, 1, 4647
221, 5, 4647, 1, 1, 4648
222, 5, 4648, 1, 1, 4649
223, 5, 20, 1, 1, 21
224, 5, 20, 1, 1, 21
225, 5, 20, 1, 1, 21
226, 5, 4649, 1, 1, 4650
227, 5, 7, 0, 1, 8
228, 5, 4650, 1, 1, 4651
229, 5, 4651, 1, 1, 4652
230, 5, 4652, 1, 3, 4655
231, 5, 4655, 1, 25, 4680
232, 5, 4680, 1, 138, 4818
233, 5, 4818, 1, 9, 4827
234, 5, 4827, 1, 17, 4844
235, 5, 4844, 1, 138, 4982
236, 5, 7, 0, 1, 8
237, 6, 20, 1, 2, 22
238, 6, 4982, 1, 1, 4983
239, 6, 4983, 1, 2, 4985
240, 6, 4985, 1, 2, 4987
241, 6, 4987, 1, 1, 4988
242, 6, 4988, 1, 1, 4989
243, 6, 4989, 1, 1, 4990
244, 6, 4990, 1, 18, 5008
