req_id, LB_arrival, server_arrival, allocated_server, process_time, finish
0, 0, 0, 0, 1, 1
1, 0, 0, 0, 1, 1
2, 0, 0, 0, 1, 1
3, 0, 0, 1, 1, 1
4, 0, 0, 0, 1, 1
5, 0, 0, 2, 1, 1
6, 0, 0, 0, 1, 1
7, 0, 0, 2, 2, 2
8, 0, 0, 0, 1, 1
9, 0, 0, 1, 2, 2
10, 0, 0, 0, 1, 1
11, 0, 0, 0, 2, 2
12, 0, 0, 0, 1, 1
13, 0, 0, 2, 1, 1
14, 0, 0, 0, 1, 1
15, 0, 0, 0, 18, 18
16, 0, 0, 0, 1, 1
17, 0, 0, 1, 143, 143
18, 0, 0, 2, 136, 136
19, 0, 0, 0, 137, 137
server0 process start: 2019-12-17 19:53:43.719598
number of requests: 20
predicted temperature: 
[23.0, 22.985768595352784, 22.623766413441395, 22.675308363902626, 22.688514252624756, 22.69887081409103, 22.70916206657589, 22.719388460895278, 22.692287553273772, 22.69811405885696, 22.703929897060124, 22.754111735154822, 22.721423070981366, 22.7304383307851, 22.739446752657237, 22.74844785877305, 22.757441179829584, 22.76642625493344, 22.775402631490024, 22.784369865093943, 22.793327519420743, 22.80227516611994, 22.811212384709354, 22.820138762470584, 22.829053894345872, 22.837957382835974, 22.846848837899522, 22.855727876853287, 22.864594124273864, 22.87344721190036, 23.00098520387747, 23.255847279712324, 23.269437794164823, 23.282941501802433, 23.296359019683706, 23.30969095962764, 23.322937928267823, 23.336100527106105, 23.349179352565475, 23.36217499604234, 23.375088043958282, 23.38791907781105, 23.400668674225024, 23.41333740500113, 23.425925837166044, 23.438434533020917, 23.450864050189445, 23.463214941665445, 23.475487755859803, 23.4876830366469, 23.499801323410477, 23.511843151089018, 23.52380905022047, 23.535699546986564, 23.547515163256577, 23.559256416630518, 23.57092382048193, 23.58251788400005, 23.594039112231574, 23.605488006121938, 23.61686506255602, 23.628170774398516, 23.63940563053365, 23.65057011590461, 23.661664711552472, 23.672689894654546, 23.683646138562487, 23.495324084096083, 23.508293712293984, 23.52117255062977, 23.533961308676826, 23.546660689665124, 23.559271390545426, 23.571794102052767, 23.584229508769276, 23.59657828918629, 23.608841115765767, 23.62101865500105, 23.63311156747694, 23.6451205079291, 23.657046125302884, 23.66888906281136, 23.680649957992888, 23.692329442767893, 23.703928143495148, 23.715446681027366, 23.726885670766176, 23.738245722716563, 23.74952744154065, 23.760731426610906, 23.77185827206278, 23.782908566846775, 23.793882894779934, 23.804781834596707, 23.815605959999417, 23.82635583970801, 23.83703203750938, 23.847635112306058, 23.858165618164456, 23.868624104362564, 23.879011115437088, 23.889327191230123, 23.89957286693528, 23.9097486731434, 23.91985513588762, 23.929892776688085, 23.93986211259611, 23.949763656237902, 23.95959791585778, 23.969365395360924, 23.979066594355693, 23.988702008195457, 23.998272128019988, 24.007777440796417, 24.01721842935973, 24.026595572452834, 24.0359093447662, 24.045160216977088, 24.05434865578828, 24.063475123966555, 24.072540080380538, 24.081543980038326, 24.090487274124627, 24.099370410037523, 24.10819383142478, 24.116957978219876, 24.125663286677607, 24.134310189409206, 24.142899115417272, 24.15143049013017, 24.15990473543615, 24.168322269717073, 24.176683507881812, 24.184988861399198, 24.193238738330784, 24.201433543363088, 24.209573677839593, 24.21765953979241, 24.225691523973566, 24.233670021885963, 24.241595421814054, 24.249468108854142, 24.257288464944395, 24.265056868894508, 24.272773696415125, 24.280439320146858, 24.28805410968904, 24.295618431628256, 24.303132649566365, 24.310597124148522, 24.318012213090604, 24.32537827120659, 24.332695650435507, 24.339964699868165, 24.347185765773546, 24.354359191625036, 24.10435508207359, 24.113359544991454, 24.122301353679692, 24.131180992173306, 24.139998940195504, 24.148755673202665, 24.157451662428844, 24.166087374929656, 24.17466327362571, 24.183179817345497, 24.191637460867714, 24.20003665496317]
server0 process end: 2019-12-17 19:53:43.720035
server1 process start: 2019-12-17 19:53:43.720063
number of requests: 0
predicted temperature: 
[23.0, 22.985768595352788, 23.000540277854988, 23.01490092192428, 22.659487168571772, 22.665638847936798, 22.67177650507861, 22.677899972092582, 22.684009084836447, 22.690103682877826, 22.69618360944245, 22.702248711363026, 22.70829883902863, 22.714333846334824, 22.720353590634314, 22.726357932688188, 22.732346736617846, 22.73831986985735, 22.744277203106545, 22.750218610284605, 22.756143968484214, 22.762053157926285, 22.767946061915218, 22.773822566794774, 22.779682561904373, 22.785525939536043, 22.79135259489181, 22.797162426041677, 22.802955333882093, 22.80873122209487, 22.81448999710672, 22.820231568049227, 22.825955846719303, 22.83166274754016, 22.837352187522736, 22.843024086227608, 22.84867836572743, 22.854314950569737, 22.85993376774027, 22.86553474662678, 22.871117818983166, 22.876682918894275, 22.88222998274086, 22.88775894916524, 22.893269759037167, 22.898762355420303, 22.904236683538997, 22.90969269074549, 22.915130326487628, 22.920549542276806, 22.92595029165647, 22.931332530170994, 22.93669621533484, 22.942041306602196, 22.947367765337013, 22.95267555478337, 22.957964640036167, 22.96323498801236, 22.96848656742239, 22.973719348741987, 22.978933304184476, 22.984128407673243, 22.989304634814708, 22.994461962871554, 22.999600370736296, 23.00471983890526, 23.0098203494528, 23.01490188600591, 23.019964433719142, 23.02500797924982, 23.030032510733633, 23.035038017760453, 23.040024491350565, 23.0449919239311, 23.04994030931287, 23.054869642667434, 22.872938359286444, 22.87987260547908, 22.88676554899374, 22.893617431232002, 22.900428492253766, 22.907198970783533, 22.913929104216813, 22.92061912862642, 22.92726927876873, 22.933879788090035, 22.94045088873282, 22.946982811541986, 22.953475786071184, 22.959930040589015, 22.96634580208525, 22.97272329627712, 22.979062747615448, 22.985364379290882, 22.991628413240075, 22.997855070151818, 23.00404456947325, 23.010197129415907, 23.016312966961927, 23.022392297870088, 23.02843533668195, 23.034442296727878, 23.04041339013311, 23.04634882782382, 23.05224881953312, 23.05811357380702, 23.06394329801053, 23.069738198333493, 23.075498479796636, 23.08122434625744, 23.086916000416085, 23.09257364382137, 23.098197476876514, 23.10378769884511, 23.109344507856882, 23.11486810091356, 23.120358673894657, 23.125816421563275, 23.13124153757182, 23.13663421446781, 23.14199464369955, 23.147323015621847, 23.152619519501705, 23.157884343523985, 23.163117674797043, 23.168319699358356, 23.173490602180124, 23.178630567174864, 23.183739777200934, 23.18881841406815, 23.19386665854321, 23.198884690355257, 23.203872688201358, 23.20883082975191, 23.213759291656142, 23.218658249547488, 23.22352787804901, 23.22836835077871, 23.233179840354985, 23.237962518401833, 23.242716555554285, 23.247442121463585, 23.25213938480252, 23.256808513270663, 23.261449673599564, 23.266063031557966, 23.270648751957005]
server1 process end: 2019-12-17 19:53:43.720271
server2 process start: 2019-12-17 19:53:43.720296
number of requests: 0
predicted temperature: 
[23.0, 22.98576859535278, 23.000170817727884, 23.011741378489685, 23.023263918592896, 23.03473851675028, 23.049283398322487, 23.063787443405964, 23.078250411947934, 23.092672070336008, 23.107052191308732, 23.12139055386711, 23.135686943187274, 23.149941150534083, 23.164152973175817, 23.178322214299747, 23.19244868292887, 23.206532193839408, 23.220572567479515, 23.234569629888725, 23.248523212618508, 23.262433152653664, 23.27629929233465, 23.290121479280955, 23.30389956631516, 23.317633411388115, 23.33132287750481, 23.344967832651342, 23.358568149722508, 23.37212370645043, 23.385634385334022, 23.399100073569144, 23.412520662979816, 23.42589604995004, 23.439226135356613, 23.45251082450258, 23.465750027051616, 23.28889047513829, 23.30651859596683, 23.32403662719376, 23.34144530943204, 23.358745377415882, 23.375937560061345, 23.39302258052612, 23.410001156268606, 23.42687399910602, 23.443641815271917, 23.46030530547284, 23.476865164944208, 23.493322083505614, 23.50967674561518, 23.525929830423365, 23.54208201182599, 23.558133958516585, 23.5740863340381, 23.589939796833875, 23.605695000297963, 23.621352592824856, 23.636913217858513, 23.652377513940806, 23.66774611475924, 23.683019649194257, 23.698198741365758, 23.713284010679054, 23.728276071870376, 23.74317553505165, 23.757983005754745, 23.772699084975265, 23.787324369215654, 23.801859450527857, 23.81630491655536, 23.830661350574864, 23.84492933153723, 23.859109434108117, 23.873202228707953, 23.887208281551572, 23.901128154687203, 23.914962406035173, 23.9287115894259, 23.94237625463765, 23.955956947433698, 23.9694542095991, 23.982868578976987, 23.996200589504454, 24.009450771248023, 24.02261965043862, 24.035707749506187, 24.048715587113914, 24.061643678192016, 24.074492533971064, 24.087262662015057, 24.099954566254013, 24.112568747016148, 24.125105701059766, 23.90030051601621, 23.914895543968093, 23.9293919288032, 23.94379041602322, 23.95809174436637, 23.972296645884466, 23.986405846018755, 24.000420063674937, 24.014340011296966, 24.028166394939824, 24.041899914341435, 24.05554126299343, 24.069091128211014, 24.082550191201847, 24.095919127134003, 24.10919860520294, 24.12238928869767, 24.135491835065842, 24.14850689597818, 24.161435117391783, 24.174277139612805, 24.187033597358106, 24.1997051198162, 24.212292330707285, 24.224795848342563, 24.237216285682642, 24.249554250395278, 24.2618103449123, 24.273985166485748, 24.286079307243302, 24.298093354242944, 24.310027889526978, 24.321883490175203, 24.333660728357525, 24.345360171385757, 24.356982381764873, 24.368527917243412, 24.379997330863436, 24.39139117100968, 24.402709981458123, 24.413954301423896, 24.42512466560868, 24.436221604247294, 24.447245643153906, 24.458197303767513, 24.469077103196817, 24.479885554264683]
server2 process end: 2019-12-17 19:53:43.720480
